
strategic_region={
	id=10
	name="STRATEGICREGION_10"
	provinces={
		90 302 420 674 748 833 1092 1221 1693 1698 1781 2095 2115 2876 2958 3190 3296 3349 4226 4234 4274 4280 4378 4622 4711 4806 4870 4925 5502 5827 5945 5984 6016 6025 6219 6231 6271 6376 6502 6623 6691 6818 6866 6984 7045 7217 7394 7733 7764 7803 7830 8287 8358 8362 8474 8503 8583 8712 8903 8911 9063 9069 9334 9394 9426 9431 9493 9498 9566 9585 10854 10920 10923 10946 10981 10993 10998 11005 11050 11076 11093 11099 11122 11131 11132 11138 11151 11167 11171 11198 11199 11210 11234 11242 11243 11266 11282 11286 11313 11314 11340 11341 11344 11362 11367 11375 11399 11407 11408 11425 11449 11464 11481 11560 11571 11572 11573 11596 11629 11650 11687 11715 11716 11732 11746 11772 11773 11822 11836 11878 11879 11892 11921 11924 11966 12023 12045 12112 12172 16024 17161 18011 19024 19905 19921 19922 19934 20469 20477 20545 20553 20554 20584 21641 
	}
	weather={
	}
}
