
strategic_region={
	id=101
	name="STRATEGICREGION_101"
	provinces={
		72 172 225 260 448 499 536 613 695 819 872 933 1015 1214 1382 1456 2021 2069 2158 2335 2547 2617 2825 3002 3066 3136 3254 3267 3268 3320 3498 3632 3711 3886 3941 4121 4257 4379 4580 4586 4630 5201 5281 5348 5523 5661 5888 6083 6239 6511 6569 6646 6734 6828 6911 6981 7125 7398 7455 8030 8101 8234 8340 8379 8427 8674 9147 9220 9239 9323 9591 9602 9633 12270 12349 12366 12407 12453 12464 12465 12477 12500 12501 12546 12554 12589 12590 12603 12643 12649 12650 12651 12667 12668 12683 12684 12707 12724 12725 12756 12765 12795 12802 12803 12809 12832 12842 12850 12885 12897 12966 12982 12989 13006 13007 13020 13072 13085 13098 13162 15768 
	}
	weather={
	}
}
