
strategic_region={
	id=105
	name="STRATEGICREGION_105"
	provinces={
		22 991 1240 1379 1616 1620 1621 1719 1771 2188 2316 2706 2917 3227 3744 4137 4359 4606 4658 5128 5335 6103 6288 6332 6772 6963 7001 7318 7333 7421 7682 7855 7913 9283 9406 14986 14997 14998 15002 15019 15040 15044 15060 15062 15069 15091 15092 15102 15107 15123 15144 15154 15165 15169 15183 15190 15206 15221 15263 15268 15278 15288 15951 15963 16010 16097 16099 16343 16370 16460 16593 16630 16734 17391 17406 17434 17485 17623 18163 18186 18187 18203 18488 18545 18569 18588 18635 18682 19167 19170 19171 19173 19219 19220 19223 19224 19225 21523 21524 21526 21527 21530 21534 21542 21620 21633 
	}
	weather={
	}
}
