
strategic_region={
	id=106
	name="STRATEGICREGION_106"
	provinces={
		66 112 214 254 401 573 776 945 1010 1054 1147 1245 1509 1680 1707 1724 1971 2059 2097 2390 2406 2669 2717 3179 3324 3340 3478 3684 4159 4202 4869 4892 4987 4991 5114 5123 5144 5157 5260 5469 6139 6360 6406 6473 6657 6669 7249 7299 7508 7543 7570 7924 8038 8418 8481 8669 8675 8879 8915 9218 9304 9447 9631 13148 13156 13188 13215 13234 13263 13290 13305 13317 13368 13398 13406 13440 13477 13504 13505 13550 13551 13575 13581 13582 13590 13610 13628 13642 13673 13687 13705 13709 13728 13735 13788 13838 13864 13915 13978 15843 15847 15854 
	}
	weather={
	}
}
