
strategic_region={
	id=110
	name="STRATEGICREGION_110"
	provinces={
		74 498 529 629 726 753 1440 1669 2010 2040 2228 2363 2732 2758 2815 2841 3176 3216 3297 3490 3594 3791 3868 4003 4140 4281 4438 4465 4956 5057 5548 5649 5786 5792 5814 5977 5986 6004 6120 6121 6205 6259 6268 6290 6386 6425 6525 6632 6774 7042 7114 7834 7951 8015 8022 8034 8081 8088 8144 8389 8782 8811 9201 9452 9458 10127 10150 10180 10208 10293 10299 10319 10327 10330 10354 10357 10363 10364 10382 10399 10404 10405 10411 10429 10434 10435 10445 10446 10455 10456 10490 10491 10492 10528 10538 10582 10590 10595 15868 15902 16000 16250 16275 16293 16319 16330 16358 16362 16532 16564 16581 16625 16690 16691 16697 16728 16777 16956 16998 17017 17025 17047 17213 17333 17338 17348 17444 17471 17585 17636 17727 17793 17800 17810 17975 18012 18166 18212 18225 18259 18294 18592 18627 18755 19003 19013 19020 19051 19084 19088 19089 19308 19964 19970 19971 
	}
	weather={
	}
}
