
strategic_region={
	id=112
	name="STRATEGICREGION_112"
	provinces={
		9 209 304 345 599 894 971 1659 1749 2071 2218 2342 2642 2645 2805 2813 2867 3062 3247 3262 3315 3367 3402 3502 3546 3618 3715 3782 3809 3821 4073 4451 4733 5130 5136 5264 5283 5638 5652 5841 5850 5852 6023 7151 7153 7244 7320 7376 7382 7929 8018 8053 8202 9404 9667 9781 9790 9812 9827 9829 9836 9844 9849 9850 9860 9861 9862 9863 9877 9890 9900 9917 9942 9943 9947 9949 9951 9959 16054 16130 16136 16143 16211 16240 16254 16419 16443 16493 16528 16574 16583 16602 16680 16702 16824 16855 17091 17101 17153 17353 17399 17408 17565 17580 17689 17983 18072 18091 18124 18231 18517 18519 18521 18522 18523 18524 18559 18581 18645 18648 18659 18663 18751 18757 18772 18780 18939 18943 18964 18965 18972 18975 18978 18982 18987 18995 18997 19001 19006 19008 19009 19021 19045 19047 19274 19287 19290 19292 19664 19669 19678 19679 19682 19687 19689 19691 19692 19694 19698 19699 19703 19704 19712 
	}
	weather={
	}
}
