
strategic_region={
	id=113
	name="STRATEGICREGION_113"
	provinces={
		348 405 789 959 1454 1864 1915 3003 3069 3261 3410 3884 3920 4162 4899 5022 5242 6318 6641 7231 7347 8211 8707 9228 9619 9825 9851 9853 9864 9871 9905 9918 9928 9944 9950 16020 16119 16161 16229 16312 16365 16438 16452 16549 16663 16676 16709 16763 16802 16842 16883 16916 17080 17094 17109 17113 17240 17298 17325 17356 17445 17449 17560 17603 17610 17622 17642 17773 17908 17920 17963 18028 18078 18129 18142 18164 18286 18405 18475 18504 18513 18515 18578 18637 18669 18760 18945 18946 18958 18984 18991 19283 19716 19717 19722 19726 
	}
	weather={
	}
}
