
strategic_region={
	id=118
	name="STRATEGICREGION_118"
	provinces={
		71 290 376 391 710 767 799 809 1056 1065 1118 1194 1337 1447 1514 1515 1791 2230 2262 2302 2618 2795 2809 3009 3090 3411 4115 4262 4364 4415 4643 4788 5000 5045 5084 5147 5316 5481 5810 5864 5907 5994 6572 6662 6904 7418 7496 8142 9067 9186 9361 9511 9732 9733 9741 9748 9751 9752 9757 9761 9762 9763 9772 9782 9789 9791 9813 9822 16385 16567 16858 17140 17712 18273 18535 18562 18606 18623 18651 18708 18721 18872 18888 18889 18907 18927 18930 18950 18953 18988 18989 19271 19653 19666 19680 19681 19683 19684 19685 19686 19695 19696 19697 19706 
	}
	weather={
	}
}
