
strategic_region={
	id=12
	name="STRATEGICREGION_12"
	provinces={
		148 191 208 319 441 892 909 1193 1586 1688 1766 2028 2103 2376 2412 2556 2590 2734 2784 3099 3243 3272 3662 3720 3813 3959 3983 4065 4093 4180 4191 4428 4454 4501 4534 4539 4552 4657 4881 4960 5279 5349 5589 5640 5659 5680 5876 6124 6220 6321 6330 6526 6706 6826 7456 7460 7483 7686 7873 7893 7928 8118 8160 8171 8275 8299 8339 8412 8505 8544 8645 8801 8908 8987 9172 9229 9335 9373 9473 9573 9622 9623 9624 13587 13588 13684 13685 13701 13734 13740 13741 13771 13796 13830 13831 13848 13849 13854 13863 13867 13899 13900 13904 13918 13923 13942 13943 13947 13948 13954 13975 13988 13989 14008 14028 14045 14046 14052 14060 14061 14075 14076 14081 14093 14098 14118 14125 14126 14127 14132 14142 14146 14167 14177 14185 14188 14189 14190 14196 14205 14209 14213 14216 14221 14225 14226 14227 14231 14236 14237 14246 14254 14266 14275 14280 14285 14286 14287 14335 14354 14382 14420 14451 16298 17314 17799 17994 18093 18170 18344 20244 20245 20387 20398 20403 20404 20405 20406 20407 20419 20420 20421 20422 20423 20424 20425 20426 20427 20428 20429 20430 20431 20455 
	}
	weather={
	}
}
