
strategic_region={
	id=120
	name="STRATEGICREGION_120"
	provinces={
		50 75 116 168 178 229 252 384 388 402 481 639 774 970 1112 1128 1293 1465 1529 1560 1883 1967 1975 2042 2060 2401 2418 2479 2551 2592 3120 3348 3995 4083 4349 4674 4747 6119 6504 6564 6602 7145 7335 7558 8701 9113 9687 9689 9707 9712 18771 19245 19248 19263 19438 19441 19442 19451 19471 19472 19473 19474 19475 19476 19477 19478 19479 19480 19481 19482 19483 19484 19485 19486 19487 19488 19490 19491 19492 19493 19494 19495 19496 19497 19498 19499 19500 19501 19502 19503 19504 19505 19506 19507 19508 19509 19510 19511 19512 19513 19514 19515 19516 19517 19518 19519 19520 19522 19529 
	}
	weather={
	}
}
