
strategic_region={
	id=127
	name="STRATEGICREGION_127"
	provinces={
		34 79 102 226 250 283 343 344 353 410 414 471 507 548 659 696 702 858 863 897 925 1104 1311 1357 1457 1489 1606 1694 1795 1810 1970 2014 2054 2298 2351 2395 2467 2603 2725 2870 2895 2898 2975 3015 3022 3148 3196 3265 3471 3531 3613 3638 3788 4080 4113 4283 4304 4313 4344 4499 4548 4727 4730 4737 4992 5007 5236 5263 5405 5546 5979 6155 6164 6197 6252 6309 6676 7043 7185 7229 7315 7407 7448 7560 7902 8062 8334 8567 8909 8957 9076 15675 15685 15687 15709 15729 15731 15752 15755 15761 15765 15786 15810 15821 15824 18642 18688 19159 19188 19193 19196 19215 19216 19237 19238 21049 21255 21259 21266 21271 21274 21280 21287 21292 
	}
	weather={
	}
}
