
strategic_region={
	id=137
	name="STRATEGICREGION_137"
	provinces={
		279 771 813 981 1145 1288 1345 1452 1504 1570 1647 1722 2257 2409 2643 2972 2985 3298 3572 3611 4196 4351 4462 4600 4649 4667 4809 4955 4967 5205 5545 5600 5654 5730 5962 6313 6474 6591 6684 7168 7432 7450 7597 7672 7692 7704 7884 8139 8186 8245 8566 8640 8754 9054 9107 9155 9165 9203 9235 9256 9441 9475 9525 12886 12967 13008 13021 13044 13078 13086 13103 13111 13143 13164 13196 13209 13235 13251 13252 13259 13264 13310 13318 13329 13371 13383 13413 13428 13463 13479 13498 13499 13510 13516 13524 13552 13560 13565 13566 13583 13584 13622 13623 13633 13643 13657 13660 13661 13680 13736 13760 13797 13798 13799 13807 15825 15893 16141 17058 17154 18530 
	}
	weather={
	}
}
