
strategic_region={
	id=140
	name="STRATEGICREGION_140"
	provinces={
		334 801 1691 2151 2180 2240 2992 3119 3192 3499 3680 4050 4395 5058 5143 5185 5559 5845 5847 6373 6794 6997 7025 7241 7250 7655 7757 7826 7991 8140 8321 8375 8415 8484 9029 9031 11489 11508 11533 11541 11558 11559 11612 11621 11622 11663 11684 11701 11710 11719 11730 11731 11756 11757 11763 11765 11771 11787 11788 11809 11848 11849 11859 11868 11895 11899 11920 11940 11956 11975 11982 11983 11985 11996 12014 12021 12040 12041 12042 12052 12053 12054 12078 12079 12085 12101 12111 20576 20577 20583 20586 20615 20617 20618 20620 20625 20629 20634 20635 20636 20637 20638 20639 20652 20653 20654 20655 20657 20658 20659 20660 20663 20665 20666 20667 20670 20671 20673 20674 20675 20676 20677 
	}
	weather={
	}
}
