
strategic_region={
	id=145
	name="STRATEGICREGION_145"
	provinces={
		29 31 199 262 324 357 534 677 693 778 823 834 856 976 983 1206 1241 1333 1339 1571 1604 1618 1847 1881 1901 2206 2383 2533 2693 2773 2794 2979 3052 3169 3186 3319 3480 3554 3567 3602 3625 3776 3946 4698 5163 5196 5273 5499 5942 5951 6089 6610 6655 6854 7059 7413 7553 8424 9134 9742 9759 9780 9800 9806 9810 9823 9835 9837 9841 9845 9857 9866 9872 9875 9878 9884 9892 9897 9912 15911 16064 16258 16273 16401 16430 16497 16555 16609 16688 16766 16803 16811 16852 16879 16910 16979 17067 17105 17172 17269 17359 17513 17520 17693 17717 17718 17857 17916 18020 18027 18051 18204 18206 18214 18220 18265 18277 18284 18285 18291 18497 18509 18919 18923 18924 18926 
	}
	weather={
	}
}
