
strategic_region={
	id=150
	name="STRATEGICREGION_150"
	provinces={
		103 379 571 686 1009 1115 1201 1295 1301 1356 1558 1574 1666 1940 2002 2017 2053 2625 2630 3065 3157 3184 3357 3579 3624 3902 3965 3985 4056 4339 4373 4387 4399 4531 4542 5146 5173 5246 5257 5330 5353 5706 5775 6008 6058 6280 6298 6427 6748 7565 7714 8702 8904 8930 9268 9305 9369 9445 10049 10069 10075 10076 10087 10089 10098 10100 10107 10117 10118 10128 10129 10139 10161 10174 10181 10195 10204 10212 10225 10228 10231 10238 10239 10243 10252 10253 10267 10271 10274 10297 10298 10328 10336 10337 10343 10358 10403 10432 15928 16038 16146 16278 16326 16372 16451 16621 16886 17004 17085 17151 17192 17219 17238 17244 17332 17499 17634 17753 17805 18098 18132 18304 18336 18480 18598 18668 18716 18951 19004 
	}
	weather={
	}
}
