
strategic_region={
	id=151
	name="STRATEGICREGION_151"
	provinces={
		52 127 132 165 421 626 1353 1436 1530 1536 1735 1753 1836 1863 1938 1946 2003 2108 2122 2209 2322 2348 2508 2615 2889 3132 3168 3257 3521 3693 3855 3863 3892 4106 4227 4612 4764 4835 4893 5093 5229 5337 5365 5550 5808 5869 6156 6229 6349 6428 6716 6767 6918 7236 7303 7317 7392 7454 7677 7801 7861 7871 7983 8129 8585 8590 8688 8764 8860 9105 9118 9249 9309 9379 10393 10402 10449 10458 10482 10488 10493 10495 10496 10522 10532 10557 10558 10577 10604 10611 10619 10657 10674 10700 10705 10708 10726 10751 10767 10793 10800 10842 10845 10847 10859 10869 10890 10913 10940 10953 10954 10966 10990 11024 11025 11062 11141 16168 16792 16861 16895 16987 17291 17774 18140 18314 18395 18414 18999 
	}
	weather={
	}
}
