
strategic_region={
	id=153
	name="STRATEGICREGION_153"
	provinces={
		121 598 703 1664 1761 1880 2006 2171 2426 2448 2497 2622 2883 3394 3413 3463 3550 3635 3754 4094 4233 4264 4528 4922 5031 5214 5216 5360 5669 5750 5872 5938 6104 6266 6267 6940 6973 7108 7490 7557 7589 7785 7943 8060 8196 8488 8983 9002 9074 9099 9310 9455 9539 9546 11217 11301 11355 11363 11368 11387 11427 11475 11486 11507 11522 11527 11536 11537 11567 11593 11600 11615 11616 11617 11624 11625 11630 11666 11678 11679 11689 11705 11706 11733 11758 11759 11776 11777 11803 11804 11812 11863 11904 11967 15999 16257 17488 
	}
	weather={
	}
}
