
strategic_region={
	id=155
	name="STRATEGICREGION_155"
	provinces={
		169 1197 1228 1471 1912 2360 2576 2623 3990 4215 4296 4640 4652 4990 5215 5710 5714 5873 6183 6192 6411 6417 6478 6629 6868 7519 7724 7900 7959 8077 8270 8425 8547 8610 8687 8822 8886 9117 9168 9472 9600 13432 13433 13487 13488 13503 13507 13529 13548 13564 13579 13580 13608 13644 13649 13650 13683 13695 13714 13727 13732 13739 13758 13775 13776 13787 13823 13829 13847 13870 13873 13895 13896 13917 13926 13940 13963 13973 13974 13996 14002 14020 14043 14044 14050 14102 14108 14154 15862 15985 16767 17913 18006 18169 18597 19321 20070 20075 20086 20087 20088 20089 20090 20818 20839 20844 20853 20854 20855 20856 20857 20858 20865 
	}
	weather={
	}
}
