
strategic_region={
	id=21
	name="STRATEGICREGION_21"
	provinces={
		109 926 1014 1384 1652 1729 1773 2343 2771 3029 3116 3193 3203 3497 3605 3772 3849 4148 4579 4590 4670 4695 5066 5091 5262 5306 5734 5815 5867 5909 6110 6337 6519 6712 7116 7193 7587 7661 7759 8364 8448 8476 8677 8775 8859 9129 9326 9434 9477 9564 12942 12972 12973 12986 13004 13016 13017 13028 13032 13050 13055 13070 13071 13082 13091 13101 13131 13146 13161 13178 13187 13192 13193 13201 13214 13218 13224 13247 13248 13254 13255 13270 13281 13288 13301 13326 13333 13343 13347 13354 13370 13375 13386 13388 13397 13456 13515 19938 19939 20069 20076 20077 20078 20079 20080 20085 
	}
	weather={
	}
}
