
strategic_region={
	id=212
	name="STRATEGICREGION_212"
	provinces={
		26 54 56 63 115 150 171 192 228 244 245 270 286 309 317 336 356 366 371 386 417 466 541 568 575 603 651 666 729 762 772 800 815 852 883 906 917 921 927 937 966 1001 1031 1083 1119 1125 1138 1148 1168 1184 1290 1299 1354 1358 1370 1412 1414 1459 1461 1479 1488 1502 1525 1551 1563 1633 1634 1673 1746 1750 1765 1770 1793 1828 1846 1869 1962 1963 2005 2062 2079 2141 2144 2172 2173 2234 2261 2300 2350 2353 2355 2392 2398 2404 2464 2471 2516 2571 2609 2611 2634 2654 2718 2740 2744 2746 2787 2791 2793 2799 2816 2819 2826 2827 2840 2844 2854 2981 3053 3063 3086 3095 3115 3142 3150 3171 3172 3187 3294 3426 3441 3494 3504 3586 3606 3607 3616 3659 3717 3748 3807 3828 3917 3931 4030 4064 4074 4127 4144 4207 4261 4290 4377 4389 4448 4466 4467 4468 4507 4540 4549 4564 4567 4623 4703 4748 4757 4778 4827 4848 4883 4937 4995 5026 5135 5156 5179 5288 5303 5327 5347 5377 5404 5483 5494 5514 5575 5604 5707 5718 5744 5783 5788 5799 5816 5840 6005 6052 6169 6263 6397 6419 6485 6509 6513 6547 6713 6718 6751 6861 6867 6931 6993 7092 7158 7216 7280 7403 7420 7562 7564 7599 7762 7985 8007 8047 8074 8194 8255 8261 8285 8288 8319 8391 8478 8548 8557 8613 8621 8665 8783 8786 8795 8800 8846 9010 9020 9138 9286 9352 9480 9522 9582 9656 9771 9773 9775 9786 9794 9796 9798 9801 9807 9808 9817 9819 9824 9831 9833 9838 9839 9847 9856 9858 9870 9873 9874 9876 9879 9881 9887 9894 9898 9899 9901 9903 9906 9913 9914 9915 9921 9925 9929 9935 9937 9945 9953 9962 9968 9969 9971 9975 9980 9983 9986 9992 9997 10003 10013 10014 10016 10018 10022 10031 10033 10034 10038 10042 10044 10061 10073 10081 10095 10097 10099 10105 10106 10123 15961 16071 16120 16287 16318 16347 16386 16463 16473 16586 16665 16947 16948 17180 17208 17358 17369 17611 17882 17970 18731 18796 18968 
	}
	weather={
	}
}
