
strategic_region={
	id=213
	name="STRATEGICREGION_213"
	provinces={
		195 257 278 315 460 491 654 715 796 915 974 1026 1060 1113 1171 1386 1390 1584 1928 1991 2031 2198 2461 2512 2610 2868 3238 3244 3368 3401 3457 3467 3552 3566 3658 3789 3912 4013 4249 4295 4487 4602 4682 4736 4887 4923 5034 5397 5537 5561 5725 5763 5926 5968 6064 6300 6393 6452 6714 6721 6770 6839 6856 7160 7408 7542 7866 7982 8082 8092 8102 8190 8297 8307 8335 8406 8440 8456 8516 8608 8799 8841 8925 9150 9280 9331 9437 9453 9460 9544 9646 10079 10083 10102 10121 10122 10132 10142 10146 10154 10167 10171 10177 10188 10194 10209 10213 10216 10226 10233 10234 10240 10249 10254 10258 10272 10275 10276 10282 10287 10288 10290 10291 10308 10313 10334 10335 10351 10374 10383 10439 10440 10442 10447 10507 10560 15939 16018 16061 16208 16230 16550 16633 16884 17241 17547 17576 17766 17856 18251 18257 18263 18609 18613 18689 18746 18779 18792 18793 18795 18798 18803 
	}
	weather={
	}
}
