
strategic_region={
	id=214
	name="STRATEGICREGION_214"
	provinces={
		92 223 923 1063 1078 1582 1788 2293 2713 2767 2872 3039 3089 3346 3551 3576 3798 3975 4181 4568 4607 4696 5089 5219 5267 5466 5662 5828 5836 6508 6578 6619 6876 6977 7220 7247 7282 7370 7631 7904 7952 8023 8739 8837 8919 8923 8986 9006 9053 9116 9215 9266 9271 9414 14518 14736 14747 14784 14786 14809 14812 14813 14842 14849 14852 14866 14887 14918 14923 14926 14936 14952 14971 15901 16098 16138 16151 16162 16382 16403 16649 16744 16804 17202 17296 17598 17613 17855 17868 17880 17933 17962 18059 18193 18211 18379 18418 18490 18512 19027 19073 
	}
	weather={
	}
}
