
strategic_region={
	id=215
	name="STRATEGICREGION_215"
	provinces={
		267 335 385 898 962 1082 1123 1173 1432 1786 1993 2049 2074 2266 2289 2664 2683 3021 3035 3049 3422 3447 3609 3831 3953 4014 4239 4253 4342 4553 4575 4628 4648 4880 5011 5113 5217 5328 5344 5399 5475 5602 5726 5782 5943 5983 6322 6356 6492 6745 6935 6958 6994 7117 7528 7569 7838 8317 8513 8662 8866 9293 9340 9620 9664 10835 10860 10870 10882 10898 10900 10914 10945 10955 10983 10991 10995 11007 11011 11036 11051 11052 11063 11071 11085 11105 11106 11115 11136 11145 11174 11203 11228 11244 11267 11268 11274 11290 11317 11320 11321 11327 11348 11357 11369 11396 11415 11418 11423 11428 11432 11453 11456 11495 11503 11523 11563 11576 11594 11609 11635 11642 11742 11813 11893 11910 16205 16784 17428 17552 17592 18528 
	}
	weather={
	}
}
