
strategic_region={
	id=217
	name="STRATEGICREGION_217"
	provinces={
		48 197 227 432 576 717 744 791 797 884 1210 1376 1921 2092 2116 2125 2574 2593 2803 3073 3125 3289 3364 3390 3708 3719 3783 3824 3945 4071 4172 4186 4198 4225 4246 4276 4352 4450 4518 4588 4690 4759 4860 5010 5285 5294 5433 5610 5664 5787 5930 5988 6030 6088 6236 6246 6700 6731 6809 7018 7188 7484 7568 7806 8054 8057 8110 8369 8580 8818 9316 9427 9537 10312 10348 10361 10368 10395 10396 10406 10413 10428 10441 10460 10463 10477 10498 10504 10509 10512 10518 10533 10536 10542 10556 10559 10571 10583 10597 10600 10605 10608 10614 10634 10643 10655 10660 10661 10678 10684 10695 10706 10712 10717 10727 10728 10732 10747 10761 10763 10769 10781 10788 10797 10798 10809 10822 10826 10833 10848 16535 17026 17133 17297 17324 17703 17740 18152 18348 
	}
	weather={
	}
}
