
strategic_region={
	id=218
	name="STRATEGICREGION_218"
	provinces={
		123 277 291 412 428 442 455 457 488 722 758 901 1017 1121 1131 1140 1169 1175 1239 1362 1410 1566 1575 1612 1703 1789 1827 2299 2686 2735 2748 2823 2904 3025 3080 3337 3424 3450 3491 3553 3636 3732 3944 4126 4302 4423 4446 4475 4585 4631 4632 4672 4830 4851 4864 4898 4932 4998 5087 5124 5296 5338 5432 5542 5745 5752 5789 5817 5993 6069 6424 6532 6537 6653 6661 6665 6753 6874 6967 6992 7046 7060 7079 7124 7198 7349 7424 7486 7577 7612 7703 7737 7779 7816 7817 7840 7989 8120 8164 8241 8454 8704 8758 8885 8892 9104 9137 9144 9389 9449 9454 9501 9534 10112 10130 10145 10152 10175 10183 10189 10196 10197 10199 10205 10207 10217 10219 10223 10229 10244 10246 10277 10278 10303 10321 10340 10355 10366 10394 10401 10407 10409 10437 10450 10478 10489 10494 10499 10510 10534 10543 10570 10578 10598 10599 10612 10628 10629 10665 10669 10690 10696 10718 10722 10739 10740 10741 10748 10754 10773 10777 10778 10782 10789 10790 10791 10794 10804 10813 10818 10827 10843 10849 10850 10861 10873 10875 10896 10899 10931 10936 11170 11229 15915 16044 16562 16835 16961 17541 17714 18023 18053 18120 18141 18345 18352 18747 19039 
	}
	weather={
	}
}
