
strategic_region={
	id=22
	name="STRATEGICREGION_22"
	provinces={
		218 594 705 1000 1085 1624 1626 2570 2699 2880 2899 2922 2959 3014 3222 3833 4006 4018 4699 4719 5056 5233 5416 5434 5764 5842 5999 6015 6031 6063 6085 6125 6416 6710 6990 7243 7554 7663 7908 8259 8553 9127 14425 14459 14469 14487 14490 14495 14501 14502 14503 14509 14513 14524 14534 14541 14543 14555 14561 14564 14567 14580 14599 14601 14618 14627 14632 14641 14648 14651 14663 14671 14675 14682 14696 14702 14717 14718 14770 14774 14797 14857 15967 16170 16177 16561 16566 16606 17251 17268 17669 17900 18089 18313 18320 20121 20122 20196 20200 20201 20202 20203 20204 20205 20206 20207 20208 20210 20211 20239 20248 
	}
	weather={
	}
}
