
strategic_region={
	id=27
	name="STRATEGICREGION_27"
	provinces={
		82 333 1297 1314 2134 2189 2367 2468 2627 2814 2919 2938 2947 3092 3124 3158 3198 3475 3562 3745 3810 3968 4500 4651 4656 4961 5059 5090 5213 5439 5565 5591 5598 5620 5648 5908 6255 6467 6481 6694 6742 6746 6812 7075 7192 7221 7260 7360 7404 7549 7636 7685 7976 8167 8209 8426 9039 9044 9162 9185 9302 9444 9465 9492 10474 10502 10514 10515 10521 10526 10531 10546 10547 10562 10573 10589 10602 10609 10615 10617 10618 10631 10637 10641 10651 10659 10675 10693 10711 10719 10743 10756 10762 10807 10814 10831 10864 10872 10911 10915 10928 10934 10942 10951 11006 11018 15960 15984 16279 16436 16461 16471 16548 16721 17057 17159 17232 17371 17663 17885 17965 18095 18139 18172 18215 19927 19928 19929 19930 19950 19951 19952 19953 19954 19955 19956 19957 19958 19996 20460 20461 20464 20467 
	}
	weather={
	}
}
