
strategic_region={
	id=29
	name="STRATEGICREGION_29"
	provinces={
		40 157 161 242 352 513 514 637 689 739 812 864 908 1080 1159 1165 1391 1437 1671 1812 1829 1865 1916 1944 2090 2337 2382 2656 2698 2702 2900 2914 3023 3185 3484 3749 4031 4055 4170 4218 4316 4375 5047 5197 5378 5495 5543 5585 5692 5723 5795 5952 5955 6123 6211 6251 6505 6652 6824 7006 7133 7242 7590 7815 7876 7986 8025 8109 8114 8207 8266 8313 8409 8451 8589 8731 8793 8813 8823 8856 8979 9021 9037 9085 9199 9227 9346 9349 9415 9425 10548 10574 10594 10638 10639 10652 10677 10682 10687 10697 10715 10730 10746 10750 10757 10770 10808 10815 10816 10828 10852 10857 10917 10921 10973 10987 11020 11021 11046 11056 11061 11083 11095 11126 11152 11163 11213 11216 11260 11280 11287 11304 11308 11379 11392 11393 11426 11451 11485 11491 11534 11561 11575 11606 11607 11641 11695 11703 11750 11826 14666 15878 15890 15891 18960 19043 19071 20933 
	}
	weather={
	}
}
