
strategic_region={
	id=33
	name="STRATEGICREGION_33"
	provinces={
		493 538 622 955 1020 1094 1272 1404 1428 1930 3101 3220 3756 3933 4131 4197 4231 4346 4509 5443 5567 5637 6483 6549 6660 7411 7731 8011 8254 8483 9038 9240 9314 14904 14907 14911 14931 14937 14938 14942 14962 14968 15003 15036 15057 15072 15074 15084 15097 15110 15133 15137 15142 15167 15895 16100 16350 17051 17216 17548 17923 17944 20197 20237 20256 20281 20285 20286 20328 20331 20332 20333 20334 20336 20337 20338 20339 20340 20341 20342 20343 20344 20345 20346 20347 20362 20367 20368 20374 20375 20377 20378 
	}
	weather={
	}
}
