
strategic_region={
	id=36
	name="STRATEGICREGION_36"
	provinces={
		770 1105 1259 1905 2682 2715 2781 3333 3647 3861 4408 4482 4903 4941 5086 5381 5396 5406 5412 5419 5555 5650 5691 5991 6311 6453 6559 6627 6796 6884 6957 7002 7144 7190 7340 7401 7510 7610 8179 8240 8349 8376 8467 8475 8499 8507 8536 8803 8897 8906 8947 9016 9187 9312 9467 9478 9577 9589 9610 11955 12019 12020 12193 12234 12285 12306 12336 12369 12383 12390 12400 12404 12413 12421 12422 12434 12438 12461 12523 12543 12582 12611 12621 12623 12672 12673 12686 12694 12699 12700 12737 12742 12746 12778 12798 12799 12836 12852 12853 12857 12876 12895 12902 12910 12915 12938 12953 12977 12984 12985 12993 13013 13035 13047 13059 13073 13089 13106 13129 13205 13246 16096 16295 16442 19904 20705 20713 20714 20715 20716 20727 20728 20729 20731 20732 20733 20734 20735 20736 20737 20738 20739 20740 20741 20742 20743 20744 
	}
	weather={
	}
}
