
strategic_region={
	id=43
	name="STRATEGICREGION_43"
	provinces={
		215 480 506 769 972 1036 1151 1361 1568 1782 1922 2037 2073 2179 2638 2663 2766 2909 3036 3285 3416 3492 3656 3851 3883 4024 4118 4129 4141 4175 4195 4641 4702 4801 4911 5039 5049 5133 5180 5239 5870 5893 6061 6074 6082 6387 6536 7409 7451 7463 7521 7649 7705 8032 8170 8252 8303 8374 8646 8672 8690 8864 8901 8988 9033 9070 9102 9139 9146 9241 9254 10638 10676 10702 10707 10736 10787 10832 10834 10856 10880 10886 10912 10916 10947 10959 10978 10982 11000 11015 11019 11028 11041 11045 11060 11069 11103 11104 11125 11133 11200 11201 11212 11270 11283 11315 11333 11334 11346 11377 11378 11385 11410 11436 11440 11441 11467 11477 11484 11501 11510 11511 11519 11526 11548 11553 11582 11583 11591 11599 11614 11640 11655 11664 11665 11688 11702 11741 11749 11791 15756 15764 16102 16137 16297 16624 18650 19941 20000 20002 20003 
	}
	weather={
	}
}
