
strategic_region={
	id=44
	name="STRATEGICREGION_44"
	provinces={
		246 311 775 1216 1480 1831 1884 1927 2155 2334 2388 2535 2601 2692 3034 3105 3409 3574 3781 4076 4078 4275 4336 4365 4413 4598 4799 4856 4974 5055 5243 5515 5525 5931 6449 6486 6490 6672 6701 6786 6832 6901 6933 7051 7055 7104 7109 7207 7307 7533 7604 7700 8086 8111 8127 8449 8452 8489 8534 8537 8745 9098 9299 9350 9418 9435 11258 11345 11390 11391 11400 11421 11435 11450 11465 11466 11473 11482 11506 11509 11542 11546 11547 11566 11574 11589 11604 11613 11633 11646 11671 11676 11677 11694 11721 11736 11737 11747 11767 11768 11774 11784 11785 11795 11800 11801 11820 11823 11824 11837 11844 11845 11846 11854 11855 11880 11881 11900 11925 11936 11945 11957 11958 11986 11987 12027 17162 19725 19855 19914 19920 19947 
	}
	weather={
	}
}
