
strategic_region={
	id=47
	name="STRATEGICREGION_47"
	provinces={
		22 288 546 991 992 1084 1240 1379 1616 1620 1621 1638 1719 1723 1771 2316 2472 2706 3227 3379 3744 4137 4359 4491 4504 4505 4606 4658 4691 4896 5102 5128 5388 5442 5513 5753 6103 6288 6332 6347 6545 6651 6772 6963 6985 7001 7318 7333 7421 7517 7548 7619 7682 7722 7855 7913 7927 8100 8322 8392 9276 9283 9374 9406 9532 14913 14933 14978 14986 14995 14997 14998 14999 15002 15019 15022 15033 15034 15040 15044 15045 15053 15060 15062 15069 15075 15086 15088 15092 15099 15107 15116 15123 15138 15144 15152 15154 15169 15170 15183 15190 15199 15206 15221 15263 15268 15278 15288 15295 15326 15951 15963 16010 16097 16099 16236 16343 16370 16460 16593 16630 16734 17391 17406 17434 17485 17623 17654 17990 18136 18163 18186 18187 18203 18260 18488 18545 18569 18635 18682 18741 18884 18901 18947 18985 19066 19167 19170 19171 19173 19219 19220 19223 19224 19225 19284 19333 21523 21524 21534 21542 
	}
	weather={
	}
}
