
strategic_region={
	id=48
	name="STRATEGICREGION_48"
	provinces={
		523 592 765 1141 1177 1196 1246 1287 1453 1464 1531 1621 1830 1918 1983 2652 2933 3018 3277 3279 3373 3472 3580 4046 4310 4350 4459 4606 4701 4866 5032 5040 5128 5276 5394 5820 6223 6707 6846 7044 7239 7781 7852 7880 8268 8368 8686 8867 9272 9353 9355 9410 9536 9569 9627 15190 15252 15267 15272 15282 15287 15289 15291 15302 15315 15316 15322 15335 15336 15344 15358 15362 15363 15376 15385 15390 15415 15417 15421 15440 18575 18764 19177 19180 19225 19334 19335 21479 21480 21484 21485 21486 21487 21489 21490 21491 21492 21493 21494 21495 21498 21499 21500 21501 21502 21503 21504 21506 21507 21508 21509 21511 21512 21513 21514 21515 21517 21518 21523 21524 21559 21562 21585 21586 21587 21588 21593 21611 21613 21637 21638 
	}
	weather={
	}
}
