
strategic_region={
	id=52
	name="STRATEGICREGION_52"
	provinces={
		143 153 619 879 1047 1300 1309 1650 1685 1760 2107 2136 2152 2281 2362 2431 2506 2562 2624 3102 3164 3219 3276 3341 3592 3620 3806 3872 4098 4526 4570 4583 4997 5119 5120 5129 5152 5336 5364 5456 5594 6158 6226 6336 6432 6439 6551 6626 6647 6942 6954 7452 7774 8002 8055 8165 8222 8276 8432 8542 8609 8706 8839 8910 8942 9046 9192 9333 9578 9607 13239 13287 13325 13359 13366 13385 13403 13409 13444 13466 13489 13490 13503 13508 13514 13520 13539 13549 13559 13574 13580 13614 13631 13632 13640 13651 13656 13671 13696 13697 13698 13707 13733 13745 13764 13777 13790 13809 13820 13824 13842 13853 13876 13886 13913 13941 13946 13958 13980 14003 14011 14012 14018 14027 14051 14055 14059 14074 14080 14084 14092 14097 14117 14124 14145 14147 14166 14195 14201 14259 14265 14312 14323 14328 16272 16718 16808 17003 17112 17510 17640 18030 18280 18337 19226 20081 20082 20083 20084 20091 20092 20093 20094 20095 20396 20397 20399 20400 20401 20402 20859 20860 20861 20862 20863 20864 
	}
	weather={
	}
}
