
strategic_region={
	id=69
	name="STRATEGICREGION_69"
	provinces={
		680 805 1102 1190 1359 1518 1554 1579 1934 2247 2447 2578 2720 3427 3525 3819 3839 4157 4240 4259 4306 4484 4787 5248 5265 5314 5668 6067 6130 6184 6358 6443 6528 6556 6757 7438 7493 7802 8292 8569 8681 8870 8905 8971 9072 9495 9515 9553 9579 11354 11361 11365 11366 11373 11424 11447 11448 11480 11500 11513 11525 11544 11545 11579 11580 11581 11588 11603 11623 11638 11639 11654 11685 11686 11711 11720 11766 11789 11799 11810 11830 11853 11860 11869 11915 11923 11976 12043 13630 20550 20551 20555 20564 20565 20566 20567 20568 20569 20570 20571 20572 20573 20574 20575 20578 20579 20580 20581 20582 20585 20587 20588 20589 20590 20591 20592 20593 20594 20595 20596 20597 
	}
	weather={
	}
}
