
strategic_region={
	id=92
	name="STRATEGICREGION_92"
	provinces={
		70 99 145 299 494 704 1219 1416 1973 2029 2032 2067 2226 3100 4229 4293 4362 4495 4502 4734 4942 5238 5588 5635 5771 5819 6319 6557 6611 6919 7016 7362 7386 7471 7592 7749 7890 7950 8009 8201 8273 8500 8509 8605 8807 8815 8842 8954 9001 9175 9430 12923 12983 12991 13046 13052 13067 13087 13113 13123 13151 13158 13159 13166 13167 13181 13199 13211 13244 13268 13294 13295 13311 13336 13392 13393 13422 13453 13454 13470 13471 13482 13494 13511 13518 13533 13534 13543 13561 13578 13592 13596 13635 13663 13677 13693 13694 13712 13715 13723 13731 13810 13846 13852 19813 19826 20500 20501 20502 20505 
	}
	weather={
	}
}
