
strategic_region={
	id=93
	name="STRATEGICREGION_93"
	provinces={
		673 1068 1109 1340 1662 1780 2308 2470 2504 2526 2661 3366 3535 3679 3751 4474 4525 5178 5770 6065 6195 6366 6377 6609 6727 6747 6843 7052 7064 7088 8072 8134 8561 8750 8757 8787 8858 9032 9066 9207 9337 13617 13670 13692 13700 13722 13748 13762 13786 13794 13802 13834 13851 13869 13882 13883 13890 13891 13906 13921 13935 13938 13979 13993 13999 14005 14006 14019 14038 14067 14110 19818 19822 19836 19837 19844 19857 19858 19866 
	}
	weather={
	}
}
