
strategic_region={
	id=94
	name="STRATEGICREGION_94"
	provinces={
		372 773 877 895 1316 1325 1369 1446 1628 1631 1845 2427 3005 3195 3568 3817 4107 4372 4421 4844 4907 4943 5186 5461 6039 6264 6396 6487 6498 6560 6574 6759 6797 7061 7467 7541 7695 7750 7851 7907 8001 8193 8385 8570 8571 8579 8629 8808 8834 8862 8963 8999 9125 9512 9574 11901 11906 11922 11971 11972 12034 12056 12080 12087 12093 12094 12103 12108 12113 12120 12124 12125 12160 12161 12173 12177 12178 12179 12185 12235 12247 12252 12279 12295 12314 12323 12328 12340 12395 12406 12416 12417 12429 12430 12431 12450 12462 12463 12475 12497 12511 12525 12536 12558 12568 12585 12586 12587 12601 12622 12631 12657 19908 19911 19912 19913 
	}
	weather={
	}
}
