
strategic_region={
	id=95
	name="STRATEGICREGION_95"
	provinces={
		86 221 404 1435 1945 2502 2831 2986 3051 3389 3540 3571 3587 3622 4059 4102 4184 4288 4425 4463 4914 5004 6105 6800 7358 7664 7748 8913 9055 9101 14685 14705 14706 14712 14730 14731 14750 14769 14773 14805 14818 14821 14828 14839 14848 14851 14856 14879 14891 14912 14917 14935 14949 14972 14979 14984 16139 16173 16184 16237 16392 16421 16828 16929 16988 16991 17206 17237 17267 17514 17543 17702 17762 17925 18160 18306 18321 18347 18356 18692 19158 19332 20168 20169 20180 20181 20186 20198 20199 20209 20213 20214 20221 20222 20223 20225 20226 20228 20229 20234 20236 20238 20240 20246 20247 21656 
	}
	weather={
	}
}
