
strategic_region={
	id=96
	name="STRATEGICREGION_96"
	provinces={
		821 1069 1134 1178 2407 2542 3010 3258 3428 4037 4200 4532 4537 4816 5498 5549 5558 5838 5860 5922 6316 6989 7232 7325 7795 7930 8356 8568 8717 8940 9152 9262 11014 11055 11059 11068 11078 11092 11100 11123 11124 11139 11143 11169 11191 11195 11196 11211 11238 11249 11259 11279 11332 11376 11384 11409 11422 11439 11483 11490 11514 11518 11597 11605 11634 11672 11712 11748 18201 19925 19932 19943 19945 20462 20463 20465 20466 20468 
	}
	weather={
	}
}
