
strategic_region={
	id=98
	name="STRATEGICREGION_98"
	provinces={
		36 204 241 264 327 351 449 469 759 853 936 1212 1257 1280 1469 1559 1651 1887 1892 1931 2007 2013 2066 2130 2612 2846 2966 3054 3211 3237 3288 3344 3532 3561 3652 3898 4550 4761 4780 4797 4927 4959 5194 5356 5361 5446 6021 6202 6587 6845 6971 7017 7170 7301 7321 7511 7889 8029 8289 8309 8446 8518 8602 8611 9230 9265 9487 9563 11386 11411 11442 11474 11520 11592 11647 11656 11657 11738 11786 11802 11827 11882 11916 11997 12006 12010 12048 12060 12073 12074 12081 12096 12146 12186 12223 12229 12254 12260 12263 12280 12281 12300 12309 12315 12330 12365 12433 12437 12459 12507 12513 12526 12569 15762 15819 15822 15834 15835 15837 15845 18238 
	}
	weather={
	}
}
